2,263
2,262
2,210
2,261
2,259
2,260
2,209
4294967278,420
4294967279,490
2,208
2,257
2,207
2,206
2,205
2,204
2,258
2,203
2,202
4294967279,489
2,201
2,256
4294967278,419
4294967278,418
2,200
2,199
4294967279,488
2,133
2,198
4294967279,487
2,197
2,196
2,132
2,195
4294967279,486
2,194
2,193
2,128
2,192
4294967279,485
4294967278,417
2,127
4294967278,416
2,126
2,131
4294967278,415
2,125
4294967278,414
2,124
2,123
4294967279,484
4294967278,413
2,122
4294967278,412
4294967279,483
2,121
4294967278,411
2,255
4294967279,482
2,130
2,129
2,120
4294967279,481
4294967279,480
2,119
4294967278,410
2,118
2,117
2,63
4294967278,409
2,116
4294967278,408
2,115
2,114
2,113
4294967278,407
2,17
2,112
4294967279,479
2,111
2,110
4294967279,478
4294967279,477
2,109
4294967278,406
2,61
2,62
4294967278,405
2,108
4294967278,404
4294967279,476
2,107
4294967279,475
2,60
2,106
2,105
4294967278,403
4294967278,402
2,104
2,59
2,103
4294967279,474
2,102
4294967278,401
2,58
2,101
4294967279,473
4294967279,472
2,100
4294967278,400
2,99
4294967279,471
4294967279,470
2,57
2,98
4294967279,469
2,97
4294967279,468
2,96
2,56
4294967278,399
4294967278,398
2,95
4294967279,467
4294967279,466
2,94
2,55
2,93
2,92
4294967279,465
4294967278,397
2,91
2,48
4294967279,464
2,90
4294967278,396
4294967279,463
2,89
2,54
2,51
2,88
2,87
4294967278,395
2,86
4294967278,394
4294967279,462
2,85
4294967278,393
2,84
2,53
2,83
2,82
2,81
4294967279,461
4294967278,392
4294967279,460
2,80
4294967278,391
2,52
4294967279,459
2,79
2,78
2,77
4294967279,458
4294967279,457
4294967279,456
4294967278,390
2,76
4294967278,389
2,50
2,75
2,74
2,73
2,13
4294967278,388
2,72
4294967279,455
2,71
4294967278,387
2,70
2,49
4294967279,454
2,69
4294967279,453
2,68
4294967278,386
2,67
4294967279,452
4294967279,451
2,66
4294967278,385
4294967279,450
2,65
2,64
4294967279,449
2,47
2,44
2,46
4294967279,448
2,45
2,40
2,43
4294967278,384
2,42
2,41
2,35
4294967279,447
2,39
2,38
2,37
4294967279,446
2,36
2,32
4294967279,445
4294967279,444
2,34
2,33
4294967278,383
2,27
4294967278,382
2,31
4294967278,381
2,30
4294967279,443
4294967278,380
4294967279,442
2,29
2,28
2,24
4294967279,441
4294967279,440
2,26
2,25
4294967279,439
2,12
2,23
4294967279,438
4294967278,379
2,22
4294967279,437
4294967279,436
2,21
2,20
2,19
4294967279,435
4294967279,434
2,18
4294967278,378
4294967279,433
2,16
4294967278,377
4294967279,432
4294967278,376
4294967278,375
2,15
2,14
4294967278,374
2,5
2,11
4294967279,431
4294967278,373
2,10
4294967279,430
4294967278,372
4294967278,371
4294967278,370
4294967278,369
4294967278,368
4294967279,429
2,9
2,8
4294967279,428
4294967278,367
4294967278,366
4294967279,427
4294967278,365
4294967278,364
4294967279,426
4294967279,425
4294967278,363
4294967279,424
4294967279,423
4294967278,362
4294967279,422
4294967278,361
4294967278,360
4294967278,359
4294967278,358
2,7
2,6
4294967278,357
4294967278,356
4294967279,421
4294967294,472
4294967278,355
4294967293,131
4294967293,130
4294967293,129
4294967293,128
4294967293,127
4294967293,126
4294967293,125
4294967293,124
4294967293,123
4294967293,122
4294967293,121
4294967293,120
4294967293,119
4294967293,118
4294967293,117
4294967293,116
4294967293,115
4294967293,114
4294967293,113
4294967293,112
4294967293,111
4294967293,110
4294967293,109
4294967293,108
4294967293,107
4294967293,106
4294967293,105
4294967293,104
4294967293,103
4294967293,102
4294967293,101
4294967293,100
4294967293,99
4294967293,98
4294967293,97
4294967293,96
4294967293,95
4294967293,94
4294967293,93
4294967293,92
4294967293,91
4294967293,90
4294967293,89
4294967293,88
4294967293,87
4294967293,86
4294967293,85
4294967293,84
4294967293,83
4294967293,82
4294967293,81
4294967293,80
4294967293,79
4294967293,78
4294967293,77
4294967293,76
4294967293,75
4294967293,74
4294967293,73
4294967293,72
4294967293,71
4294967293,70
4294967293,69
4294967293,68
4294967293,67
4294967293,66
4294967293,65
4294967293,64
4294967293,63
4294967293,62
4294967293,61
4294967293,60
